0.0;4.0;0.0
276.5;4.748880722309699;1.0
276.79296875;5.4139738237456445;1.0
277.0859375;4.813728762964955;1.0
277.37890625;4.91118200125806;1.0
277.671875;4.983511150698708;1.0
277.96484375;5.455640799766332;1.0
278.2578125;4.90976597297078;1.0
278.55078125;4.9159891888099185;1.0
278.84375;4.8417313832542375;1.0
279.13671875;4.739112019692614;1.0
279.4296875;4.660341796699182;1.0
279.72265625;5.11058316720535;1.0
280.015625;4.803786202871865;1.0
280.30859375;4.907341155713846;1.0
280.6015625;4.812671627480542;1.0
280.89453125;5.113664198088525;1.0
281.1875;5.130705908922381;1.0
281.48046875;4.896447042400522;1.0
281.7734375;4.7837732342366275;1.0
282.06640625;4.810646078286329;1.0
282.359375;4.726935906532676;1.0
282.65234375;4.899923301735975;1.0
282.9453125;4.9404964195013354;1.0
283.23828125;4.658556360851763;1.0
283.53125;4.838921675294235;1.0
283.82421875;5.418475299000117;1.0
284.1171875;4.841832579596609;1.0
284.41015625;4.765814849365591;1.0
284.703125;4.7671987084269745;1.0
284.99609375;4.88935387425428;1.0
285.2890625;5.290796739504916;1.0
285.58203125;5.44448861372864;1.0
285.875;4.892976360560189;1.0
286.16796875;4.742036954860942;1.0
286.4609375;4.836006926547635;1.0
286.75390625;4.987846078748653;1.0
287.046875;4.639632280805376;1.0
287.33984375;4.572341439996464;1.0
287.6328125;4.8464162174667855;1.0
287.92578125;4.798249978980624;1.0
288.21875;4.81338491705727;1.0
288.51171875;5.4913018364931485;1.0
288.8046875;5.00626152406623;1.0
289.09765625;4.730731470215535;1.0
289.390625;4.913384922808277;1.0
289.68359375;4.7111675032860365;1.0
289.9765625;5.497239080289988;1.0
290.26953125;5.087926255674971;1.0
290.5625;5.346317078072232;1.0
290.85546875;4.832313323615862;1.0
291.1484375;4.795596062312504;1.0
291.44140625;4.946761540718656;1.0
291.734375;4.925546731166627;1.0
292.02734375;5.525277265235322;1.0
292.3203125;4.954699317192295;1.0
292.61328125;4.867865878643092;1.0
292.90625;4.845039683891965;1.0
293.19921875;4.946737303523951;1.0
293.4921875;5.062406026647709;1.0
293.78515625;5.402948672264764;1.0
294.078125;4.756025337602154;1.0
294.37109375;4.811653664027026;1.0
294.6640625;5.020027935114206;1.0
294.95703125;4.798876316821615;1.0
295.25;4.991979562382402;1.0
295.54296875;5.0621141651607955;1.0
295.8359375;5.3905788017394265;1.0
296.12890625;4.600475832639121;1.0
296.421875;4.884459277146857;1.0
296.71484375;4.659291821110573;1.0
297.0078125;5.0426707697863264;1.0
297.30078125;4.772624266092571;1.0
297.59375;4.77970955860289;1.0
297.88671875;5.026903120937114;1.0
298.1796875;5.153311491433757;1.0
298.47265625;4.730467572507776;1.0
298.765625;4.907536419069045;1.0
299.05859375;4.635464713045972;1.0
299.3515625;4.9582142568522505;1.0
299.64453125;4.6957634002774356;1.0
299.9375;4.607813613100253;1.0
300.23046875;5.063084468330742;1.0
300.5234375;5.338255819845642;1.0
300.81640625;5.060268648195199;1.0
301.109375;4.853221115603891;1.0
301.40234375;4.821455868328463;1.0
301.6953125;4.972322374862696;1.0
301.98828125;5.028903791053383;1.0
302.28125;4.858143963419296;1.0
302.57421875;5.069967987359609;1.0
302.8671875;4.993646269298586;1.0
303.16015625;5.000962833232927;1.0
303.453125;4.913889044244139;1.0
303.74609375;4.82320219477795;1.0
304.0390625;5.135161193938949;1.0
304.33203125;5.532754032867524;1.0
304.625;5.838681024458352;1.0
304.91796875;6.184950403446443;1.0
305.2109375;6.577290255778773;1.0
305.50390625;6.99157203528017;1.0
305.796875;7.953729702166132;1.0
306.08984375;8.41273065185815;1.0
306.3828125;8.833580820322465;1.0
306.67578125;9.187709479069849;1.0
306.96875;9.968261545212538;1.0
307.26171875;10.274115123849949;1.0
307.5546875;10.9973609562884;1.0
307.84765625;11.862182066717674;1.0
308.140625;12.031552781671094;1.0
308.43359375;12.608472523406869;1.0
308.7265625;13.140838088634915;1.0
309.01953125;13.477522352618035;1.0
309.3125;14.28805783803717;1.0
309.60546875;14.362439251137713;1.0
309.8984375;15.124512623092084;1.0
310.19140625;15.428096336352171;1.0
310.484375;15.818003684745648;1.0
310.77734375;16.405844151218215;1.0
311.0703125;17.28612780925403;1.0
311.36328125;17.572026316154567;1.0
311.65625;18.17648014904836;1.0
311.94921875;18.72594220306923;1.0
312.2421875;19.37967655838028;1.0
312.53515625;20.05755737062902;1.0
312.828125;20.319384964886382;1.0
313.12109375;20.695077564159135;1.0
313.4140625;21.25287044945261;1.0
313.70703125;21.613770974284535;1.0
314.0;22.3764119278861;1.0
314.29296875;22.681381233614303;1.0
314.5859375;23.137188070047845;1.0
314.87890625;23.624604691750722;1.0
315.171875;24.341039671849202;1.0
315.46484375;24.779419995401383;1.0
315.7578125;25.513400334594152;1.0
316.05078125;25.79629160889;1.0
316.34375;26.396614503195458;1.0
316.63671875;26.92861707873313;1.0
316.9296875;27.478306311338667;1.0
317.22265625;27.888815500263416;1.0
317.515625;28.157619973166998;1.0
317.80859375;28.646663546504016;1.0
318.1015625;29.353164901552713;1.0
318.39453125;29.898666521244753;1.0
318.6875;30.234770705162823;1.0
318.98046875;31.070059130882036;1.0
319.2734375;31.43422403419705;1.0
319.56640625;32.07585190494006;1.0
319.859375;32.3512815375147;1.0
320.15234375;32.77613240247568;1.0
320.4453125;33.2494584670484;1.0
320.73828125;33.501876378945646;1.0
321.03125;33.95383759329534;1.0
321.32421875;34.54605938651967;1.0
321.6171875;34.95387905567903;1.0
321.91015625;35.688468875562;1.0
322.203125;36.28843264257355;1.0
322.49609375;36.634582685765324;1.0
322.7890625;37.19574412889599;1.0
323.08203125;37.6361089369877;1.0
323.375;38.03242778889857;1.0
323.66796875;38.80278158233852;1.0
323.9609375;39.18415518182292;1.0
324.25390625;39.52711636863139;1.0
324.546875;40.09644891803486;1.0
324.83984375;40.38771055284586;1.0
325.1328125;40.91130002218822;1.0
325.42578125;41.511466834524505;1.0
325.71875;41.92821180384298;1.0
326.01171875;42.91699858454716;1.0
326.3046875;43.22536943613221;1.0
326.59765625;43.44371108098528;1.0
326.890625;44.305015512763575;1.0
327.18359375;44.68146811585698;1.0
327.4765625;45.401153914909365;1.0
327.76953125;46.013939428592955;1.0
328.0625;45.90554228413682;1.0
328.35546875;46.611945098328924;1.0
328.6484375;46.884675246974226;1.0
328.94140625;47.15282256621328;1.0
329.234375;47.25103203301511;1.0
329.52734375;47.51887858792406;1.0
329.8203125;47.753004526824235;1.0
330.11328125;48.12156081275782;1.0
330.40625;48.12776112856772;1.0
330.69921875;48.3674406441059;1.0
330.9921875;48.417464103403844;1.0
331.28515625;48.492890984047904;1.0
331.578125;48.69489120401237;1.0
331.87109375;48.81544994952654;1.0
332.1640625;49.085176020010856;1.0
332.45703125;49.534814548020464;1.0
332.75;49.232747477526274;1.0
333.04296875;49.349713597563095;1.0
333.3359375;49.63218275856485;1.0
333.62890625;49.682835915562784;1.0
333.921875;49.91487821927627;1.0
334.21484375;49.81550331723998;1.0
334.5078125;49.9668917655821;1.0
334.80078125;50.17245620756843;1.0
335.09375;50.136971105638054;1.0
335.38671875;50.36387967800024;1.0
335.6796875;50.5698010966308;1.0
335.97265625;50.946722115341025;1.0
336.265625;50.92281046453163;1.0
336.55859375;51.002911075481805;1.0
336.8515625;51.238452774119935;1.0
337.14453125;51.50206752353616;1.0
337.4375;51.5535954453924;1.0
337.73046875;51.849049763460656;1.0
338.0234375;51.68028495515371;1.0
338.31640625;51.77797358211366;1.0
338.609375;52.11313530317907;1.0
338.90234375;52.42646325849329;1.0
339.1953125;52.37020806958485;1.0
339.48828125;52.60792780358498;1.0
339.78125;52.98597153265129;1.0
340.07421875;52.915135262488555;1.0
340.3671875;52.989233819603314;1.0
340.66015625;52.94510695038972;1.0
340.953125;53.2208836243147;1.0
341.24609375;53.324415180388655;1.0
341.5390625;53.454281424959795;1.0
341.83203125;53.45877123963051;1.0
342.125;53.76440499716057;1.0
342.41796875;53.69967090490575;1.0
342.7109375;53.90801960632734;1.0
343.00390625;54.064115454285435;1.0
343.296875;54.30118201895752;1.0
343.58984375;54.76357553416621;1.0
343.8828125;54.556520657634096;1.0
344.17578125;54.58647514601746;1.0
344.46875;54.80420495549954;1.0
344.76171875;54.95014693791614;1.0
345.0546875;54.98933844325543;1.0
345.34765625;55.2437469507652;1.0
345.640625;55.39842013323826;1.0
345.93359375;55.39790136129144;1.0
346.2265625;55.62832233870728;1.0
346.51953125;55.818521280994155;1.0
346.8125;56.00004151172579;1.0
347.10546875;55.839388783291206;1.0
347.3984375;56.198159839883516;1.0
347.69140625;56.49120377634547;1.0
347.984375;56.544232957472275;1.0
348.27734375;56.42997583158853;1.0
348.5703125;56.72732390743186;1.0
348.86328125;56.7756038681986;1.0
349.15625;57.210177377446186;1.0
349.44921875;57.199641704626416;1.0
349.7421875;57.58605692641851;1.0
350.03515625;57.3637144521238;1.0
350.328125;57.507093206210946;1.0
350.62109375;57.75874521006482;1.0
350.9140625;57.873146698437836;1.0
351.20703125;58.035886985224934;1.0
351.5;57.81080644337016;1.0
351.79296875;58.345463791092435;1.0
352.0859375;58.49899889295643;1.0
352.37890625;58.523231559633544;1.0
352.671875;58.53768603448892;1.0
352.96484375;58.94350851979713;1.0
353.2578125;58.94067744641326;1.0
353.55078125;59.09988155355429;1.0
353.84375;59.178630728956705;1.0
354.13671875;59.376112868269146;1.0
354.4296875;59.60400089832787;1.0
354.72265625;59.75846579370694;1.0
355.015625;59.83356697952494;1.0
355.30859375;60.022357161543894;1.0
355.6015625;60.2341228320304;1.0
355.89453125;60.38512488451613;1.0
356.1875;60.59250854689333;1.0
356.48046875;60.82323432915695;1.0
356.7734375;61.060320798229256;1.0
357.06640625;61.58217149225676;1.0
357.359375;61.883188604419765;1.0
357.65234375;62.34115062133197;1.0
357.9453125;62.63195632337131;1.0
358.23828125;63.219941243520736;1.0
358.53125;63.59124307697227;1.0
358.82421875;64.10136093106284;1.0
359.1171875;64.54778339755121;1.0
359.41015625;65.20211980006745;1.0
359.703125;65.5337748450702;1.0
359.99609375;66.00302820657097;1.0
360.2890625;66.70402689877137;1.0
360.58203125;67.25132116669789;1.0
360.875;67.56724996035096;1.0
361.16796875;68.03746017224415;1.0
361.4609375;68.58156912632435;1.0
361.75390625;69.11959747301097;1.0
362.046875;69.49512570369941;1.0
362.33984375;70.16083783571995;1.0
362.6328125;70.51201766514413;1.0
362.92578125;71.03977067530381;1.0
363.21875;71.27415409221327;1.0
363.51171875;71.81972622476458;1.0
363.8046875;72.47154657293676;1.0
364.09765625;72.9103204685784;1.0
364.390625;73.56950641158839;1.0
364.68359375;73.80662903977304;1.0
364.9765625;74.47388916434878;1.0
365.26953125;74.76045074256439;1.0
365.5625;75.14886844008878;1.0
365.85546875;75.61166057250317;1.0
366.1484375;75.8738922560713;1.0
366.44140625;76.74898273621822;1.0
366.734375;77.1800999751076;1.0
367.02734375;77.44075376356174;1.0
367.3203125;78.1296569838883;1.0
367.61328125;78.46233660135604;1.0
367.90625;79.04278780234299;1.0
368.19921875;79.35420052403134;1.0
368.4921875;79.83098908222499;1.0
368.78515625;80.24541668845222;1.0
369.078125;81.07914505965935;1.0
369.37109375;81.38059019528846;1.0
369.6640625;81.81680639933714;1.0
369.95703125;81.9290037184876;1.0
370.25;83.01753420939838;1.0
370.54296875;82.4428504224497;1.0
370.8359375;82.64648845314996;1.0
371.12890625;83.21276529569387;1.0
371.421875;83.85853195699119;1.0
371.71484375;83.04187725778979;1.0
372.0078125;83.3300341292357;1.0
372.30078125;83.2829962759721;1.0
372.59375;83.28594561415629;1.0
372.88671875;83.5722190882322;1.0
373.1796875;83.46103962697003;1.0
373.47265625;84.04470592490969;1.0
373.765625;83.97714279995739;1.0
374.05859375;83.62813707846163;1.0
374.3515625;83.85994786463138;1.0
374.64453125;83.76431388864562;1.0
374.9375;84.14023561436859;1.0
375.23046875;84.16122658547792;1.0
375.5234375;84.22924887059395;1.0
375.81640625;84.39559143791142;1.0
376.109375;84.41202005570312;1.0
376.40234375;84.7533329028451;1.0
376.6953125;84.56658479658077;1.0
376.98828125;84.6700129777524;1.0
377.28125;84.64526510759767;1.0
377.57421875;84.58438199756377;1.0
377.8671875;84.77491056089491;1.0
378.16015625;84.81150830018458;1.0
378.453125;85.32413857145103;1.0
378.74609375;84.81278185599827;1.0
379.0390625;85.25321163538008;1.0
379.33203125;85.05453787334514;1.0
379.625;84.82626787377556;1.0
379.91796875;84.78282953335905;1.0
380.2109375;85.01507804039906;1.0
380.50390625;85.07453815364622;1.0
380.796875;85.25948202049851;1.0
381.08984375;85.03675687718727;1.0
381.3828125;85.19616136907207;1.0
381.67578125;85.1548879066353;1.0
381.96875;84.67812647961557;1.0
382.26171875;84.94713754191689;1.0
382.5546875;85.0070648729667;1.0
382.84765625;85.24440774886834;1.0
383.140625;84.86920611035366;1.0
383.43359375;84.85467515968122;1.0
383.7265625;84.92175582611681;1.0
384.01953125;85.24595290300933;1.0
384.3125;85.21080791555858;1.0
384.60546875;85.11470747702174;1.0
384.8984375;85.07080247508134;1.0
385.19140625;85.36952060323965;1.0
385.484375;85.15670493761999;1.0
385.77734375;84.91320488658708;1.0
386.0703125;84.90337944227659;1.0
386.36328125;85.18961075005812;1.0
386.65625;85.07560318901977;1.0
386.94921875;85.13331323538982;1.0
387.2421875;84.93569514449592;1.0
387.53515625;85.38291003761464;1.0
387.828125;84.92843215677924;1.0
388.12109375;85.09101285154154;1.0
388.4140625;84.89867789934668;1.0
388.70703125;85.00430947680373;1.0
389.0;85.31251346356716;1.0
389.29296875;85.06553504400902;1.0
389.5859375;85.03543155514667;1.0
389.87890625;84.87806122528619;1.0
390.171875;84.66112715849629;1.0
390.46484375;84.92370897649944;1.0
390.7578125;85.0869074916025;1.0
391.05078125;85.18318842241753;1.0
391.34375;85.12664509994376;1.0
391.63671875;85.1618993597854;1.0
391.9296875;85.07266166265086;1.0
392.22265625;85.01490290855752;1.0
392.515625;85.01282323745403;1.0
392.80859375;85.18415387772141;1.0
393.1015625;85.87320461328866;1.0
393.39453125;84.81470739363098;1.0
393.6875;84.9687122280902;1.0
393.98046875;85.38996212585077;1.0
394.2734375;84.89438573845548;1.0
394.56640625;85.28439331195983;1.0
394.859375;84.87868455285516;1.0
395.15234375;84.79150062929202;1.0
395.4453125;85.05392336077098;1.0
395.73828125;84.86112550198327;1.0
396.03125;84.94820068258687;1.0
396.32421875;84.72787152803802;1.0
396.6171875;84.93850408092798;1.0
396.91015625;85.10311452910071;1.0
397.203125;85.14153951077685;1.0
397.49609375;84.73184796813221;1.0
397.7890625;84.87630177389086;1.0
398.08203125;84.9905750267344;1.0
398.375;84.94058559694275;1.0
398.66796875;85.12286749918836;1.0
398.9609375;85.44188268776283;1.0
399.25390625;85.0982165477872;1.0
399.546875;85.22746264419432;1.0
399.83984375;84.95331511518265;1.0
400.1328125;85.19163982662438;1.0
400.42578125;85.3230802892392;1.0
400.71875;85.19914378510772;1.0
401.01171875;85.07145773251126;1.0
401.3046875;84.98215481787378;1.0
401.59765625;85.17566693565789;1.0
401.890625;84.87920691947552;1.0
402.18359375;85.32659814327857;1.0
402.4765625;85.22322813401821;1.0
402.76953125;84.93948342140851;1.0
403.0625;84.82248080385658;1.0
403.35546875;84.95441441077843;1.0
403.6484375;84.79513664218716;1.0
403.94140625;84.98693206664721;1.0
404.234375;84.98376115693736;1.0
404.52734375;84.97472531239791;1.0
404.8203125;84.86522289042735;1.0
405.11328125;84.93353454602378;1.0
405.40625;84.90307591933477;1.0
405.69921875;84.86299891408795;1.0
405.9921875;85.02780490696622;1.0
406.28515625;84.96321093408247;1.0
406.578125;84.97210578250707;1.0
406.87109375;84.79858269291054;1.0
407.1640625;84.88266886512599;1.0
407.45703125;84.95766759176823;1.0
407.75;84.9949015665194;1.0
408.04296875;84.82499629802868;1.0
408.3359375;84.97243466935419;1.0
408.62890625;84.74275235613885;1.0
408.921875;85.11543330993996;1.0
409.21484375;85.0210985757664;1.0
409.5078125;85.30642390630626;1.0
409.80078125;85.19569396020039;1.0
410.09375;85.0784318926;1.0
410.38671875;84.92188315656333;1.0
410.6796875;84.64917152633429;1.0
410.97265625;84.93035241193245;1.0
411.265625;85.03411528954769;1.0
411.55859375;85.5084360128252;1.0
411.8515625;85.15327274571656;1.0
412.14453125;85.01246607479784;1.0
412.4375;84.85152136526753;1.0
412.73046875;85.02848075608895;1.0
413.0234375;85.2172025755632;1.0
413.31640625;85.25995950926297;1.0
413.609375;84.8023406646243;1.0
413.90234375;84.65999096690626;1.0
414.1953125;84.84422092718447;1.0
414.48828125;85.29918867128427;1.0
414.78125;85.06736597777055;1.0
415.07421875;84.92317693964628;1.0
415.3671875;84.72306541014676;1.0
415.66015625;85.14369471859293;1.0
415.953125;84.84093601621363;1.0
416.24609375;84.87963264410942;1.0
416.5390625;84.98959324177986;1.0
416.83203125;85.21776239934562;1.0
417.125;84.87213882566844;1.0
417.41796875;85.0658898802643;1.0
417.7109375;85.24220454743809;1.0
418.00390625;85.15175178918967;1.0
418.296875;85.14466398264008;1.0
418.58984375;84.83258021751114;1.0
418.8828125;84.88095048401381;1.0
419.17578125;84.97974393216086;1.0
419.46875;84.82815736823217;1.0
419.76171875;85.04907035130223;1.0
420.0546875;85.0284320654555;1.0
420.34765625;84.9642875460476;1.0
420.640625;84.97471937867721;1.0
420.93359375;84.91172202377373;1.0
421.2265625;84.78422857221534;1.0
421.51953125;85.04566792926107;1.0
421.8125;84.67187598566156;1.0
422.10546875;84.86331343497018;1.0
422.3984375;84.88971968385037;1.0
422.69140625;84.46402351028345;1.0
422.984375;85.03561788616753;1.0
423.27734375;85.046673088328;1.0
423.5703125;84.69417281867207;1.0
423.86328125;84.53577098858078;1.0
424.15625;84.53688492643836;1.0
424.44921875;84.55171300524364;1.0
424.7421875;85.138178977856;1.0
425.03515625;84.28346453595212;1.0
425.328125;84.92241320785725;1.0
425.62109375;84.14358721395539;1.0
425.9140625;84.40591929628336;1.0
426.20703125;84.24722842138472;1.0
426.5;84.41354245554962;1.0
426.79296875;84.69554710917701;1.0
427.0859375;83.949002058537;1.0
427.37890625;84.02023527911683;1.0
427.671875;83.9514067461792;1.0
427.96484375;84.07356961421353;1.0
428.2578125;83.72401822900291;1.0
428.55078125;83.47785752780324;1.0
428.84375;83.43752155531548;1.0
429.13671875;83.89984024581409;1.0
429.4296875;83.22034050576598;1.0
429.72265625;83.35443172916314;1.0
430.015625;83.24750550043096;1.0
430.30859375;83.24943559461938;1.0
430.6015625;83.11586804616645;1.0
430.89453125;83.16807261350546;1.0
431.1875;83.30933285583089;1.0
431.48046875;83.13088476800323;1.0
431.7734375;82.84264295875074;1.0
432.06640625;82.9076326925893;1.0
432.359375;83.35784125100695;1.0
432.65234375;82.8339854367854;1.0
432.9453125;83.54652306572304;1.0
433.23828125;82.3524727790333;1.0
433.53125;82.34881312250099;1.0
433.82421875;82.66858627564336;1.0
434.1171875;82.20460828780959;1.0
434.41015625;82.32695779910283;1.0
434.703125;81.99492497557404;1.0
434.99609375;81.59035683161987;1.0
435.2890625;81.96156492900502;1.0
435.58203125;81.60430813735663;1.0
435.875;81.50120106061748;1.0
436.16796875;81.82922932594599;1.0
436.4609375;81.40092314234612;1.0
436.75390625;81.18528398130049;1.0
437.046875;81.24761785141025;1.0
437.33984375;81.10744525960689;1.0
437.6328125;80.82097537227605;1.0
437.92578125;80.79945338168972;1.0
438.21875;80.51072566927263;1.0
438.51171875;80.5942229727426;1.0
438.8046875;80.54264187557811;1.0
439.09765625;80.315806118746;1.0
439.390625;80.29900200038001;1.0
439.68359375;79.92424011825611;1.0
439.9765625;79.88079588964816;1.0
440.26953125;79.90224512146908;1.0
440.5625;79.88487113465943;1.0
440.85546875;79.86377858320354;1.0
441.1484375;79.55265389651842;1.0
441.44140625;79.38385098631154;1.0
441.734375;79.73659254754817;1.0
442.02734375;79.04073862952698;1.0
442.3203125;78.94209092774715;1.0
442.61328125;78.75688158119178;1.0
442.90625;79.04659979177427;1.0
443.19921875;78.46962976055053;1.0
443.4921875;78.17100551008889;1.0
443.78515625;78.29843151418079;1.0
444.078125;78.44320175037811;1.0
444.37109375;77.64984685193686;1.0
444.6640625;77.69895956919936;1.0
444.95703125;77.67044837052116;1.0
445.25;77.56320127687817;1.0
445.54296875;77.18473800950528;1.0
445.8359375;77.0372232870862;1.0
446.12890625;77.06445072261431;1.0
446.421875;76.61529499091222;1.0
446.71484375;76.6304430858992;1.0
447.0078125;76.32788407980442;1.0
447.30078125;76.37338867361576;1.0
447.59375;76.02454926919323;1.0
447.88671875;75.469373570124;1.0
448.1796875;75.84358782072937;1.0
448.47265625;75.44764882861254;1.0
448.765625;75.69779669781262;1.0
449.05859375;75.45190780467577;1.0
449.3515625;75.08982810527185;1.0
449.64453125;75.00446155828503;1.0
449.9375;74.33769030940249;1.0
450.23046875;74.6734047689097;1.0
450.5234375;74.10154379757329;1.0
450.81640625;73.96963306742381;1.0
451.109375;73.52958434307143;1.0
451.40234375;73.46479949415348;1.0
451.6953125;73.30979273233416;1.0
451.98828125;73.12093732694252;1.0
452.28125;72.92561482604746;1.0
452.57421875;72.82950775696935;1.0
452.8671875;72.54085222217466;1.0
453.16015625;72.2095300635382;1.0
453.453125;72.14524661805177;1.0
453.74609375;71.68897744080886;1.0
454.0390625;71.57702291791021;1.0
454.33203125;71.24185828017396;1.0
454.625;70.81428862695209;1.0
454.91796875;70.40353735415427;1.0
455.2109375;70.54302499806033;1.0
455.50390625;69.87983539290036;1.0
455.796875;69.88140443890457;1.0
456.08984375;70.37073959764236;1.0
456.3828125;69.44414555119722;1.0
456.67578125;69.35612973555642;1.0
456.96875;68.79890479361758;1.0
457.26171875;68.44008195282656;1.0
457.5546875;68.10463447655205;1.0
457.84765625;67.6387366006807;1.0
458.140625;67.56992413256489;1.0
458.43359375;67.45868137840459;1.0
458.7265625;66.74218384109034;1.0
459.01953125;66.4098686151302;1.0
459.3125;66.79632716711382;1.0
459.60546875;65.91176715959323;1.0
459.8984375;66.28501560831988;1.0
460.19140625;65.71798651355321;1.0
460.484375;65.4536445481485;1.0
460.77734375;64.60685748754959;1.0
461.0703125;64.41788187832319;1.0
461.36328125;64.07686797610967;1.0
461.65625;63.663067931544816;1.0
461.94921875;63.16966574833047;1.0
462.2421875;62.8518340774682;1.0
462.53515625;62.53127759241818;1.0
462.828125;62.21541182432003;1.0
463.12109375;61.93059474987706;1.0
463.4140625;61.40654540077208;1.0
463.70703125;60.99293718431599;1.0
464.0;60.53386896768109;1.0
464.29296875;60.07124379032991;1.0
464.5859375;59.76551035994465;1.0
464.87890625;59.36894539373785;1.0
465.171875;59.1144667084649;1.0
465.46484375;58.30454656247096;1.0
465.7578125;58.15146064766792;1.0
466.05078125;57.79982461509302;1.0
466.34375;57.1388110609804;1.0
466.63671875;56.64142797860217;1.0
466.9296875;56.05073050207842;1.0
467.22265625;55.66526098727861;1.0
467.515625;55.51745818151407;1.0
467.80859375;54.83668458943961;1.0
468.1015625;54.567529899125205;1.0
468.39453125;53.75420169311346;1.0
468.6875;53.09691627343718;1.0
468.98046875;52.91925184321825;1.0
469.2734375;52.22200847053557;1.0
469.56640625;52.04720116967259;1.0
469.859375;51.56771927148423;1.0
470.15234375;50.89557845998584;1.0
470.4453125;50.36188540186114;1.0
470.73828125;49.73416318857381;1.0
471.03125;49.55753904770091;1.0
471.32421875;49.02577185825017;1.0
471.6171875;48.45771521412355;1.0
471.91015625;47.96074252195623;1.0
472.203125;47.66814267890476;1.0
472.49609375;46.94074041632432;1.0
472.7890625;46.60627948289212;1.0
473.08203125;46.003253219940824;1.0
473.375;45.34559289302214;1.0
473.66796875;44.97664018128951;1.0
473.9609375;44.49439092342636;1.0
474.25390625;43.68404464295744;1.0
474.546875;43.38754015245745;1.0
474.83984375;42.83946758570819;1.0
475.1328125;42.28342118361066;1.0
475.42578125;41.98122236271531;1.0
475.71875;41.38232459759657;1.0
476.01171875;40.85951744614531;1.0
476.3046875;40.40765815455487;1.0
476.59765625;39.94330627954298;1.0
476.890625;39.28656326573412;1.0
477.18359375;38.709862943035844;1.0
477.4765625;38.096639376794;1.0
477.76953125;37.94191887201628;1.0
478.0625;37.43136108491319;1.0
478.35546875;36.88931325822753;1.0
478.6484375;36.098573273675214;1.0
478.94140625;35.807105902718334;1.0
479.234375;35.3099660932568;1.0
479.52734375;34.63812122218897;1.0
479.8203125;34.222417649056105;1.0
480.11328125;33.57165446016858;1.0
480.40625;33.37344464527655;1.0
480.69921875;32.66299445490545;1.0
480.9921875;32.21937788515781;1.0
481.28515625;31.73413043070028;1.0
481.578125;31.047681688429307;1.0
481.87109375;30.494969295845685;1.0
482.1640625;30.000379874933337;1.0
482.45703125;29.518387040804047;1.0
482.75;28.97147573388162;1.0
483.04296875;28.483775745530547;1.0
483.3359375;27.949568474085304;1.0
483.62890625;27.625202019834422;1.0
483.921875;27.066042943419067;1.0
484.21484375;26.629111554642154;1.0
484.5078125;25.97028889857017;1.0
484.80078125;25.561968881908555;1.0
485.09375;25.092026923508257;1.0
485.38671875;24.405595315692434;1.0
485.6796875;23.949487177689264;1.0
485.97265625;23.290702355466017;1.0
486.265625;22.88075704893329;1.0
486.55859375;22.24099861359335;1.0
486.8515625;21.865012366941155;1.0
487.14453125;21.286672662872014;1.0
487.4375;20.89596217910945;1.0
487.73046875;20.433480295896047;1.0
488.0234375;19.55492360115465;1.0
488.31640625;19.00503223146505;1.0
488.609375;18.668364804722827;1.0
488.90234375;17.941532147475797;1.0
489.1953125;17.225796923326815;1.0
489.48828125;16.484646774627542;1.0
489.78125;15.968514293363327;1.0
490.07421875;15.517981049479216;1.0
490.3671875;14.818543699748597;1.0
490.66015625;14.089322029655232;1.0
490.953125;13.537085989478022;1.0
491.24609375;12.746271944057986;1.0
491.5390625;11.979138619289714;1.0
491.83203125;11.233919329886302;1.0
492.125;10.360939868280727;1.0
492.41796875;9.883387295553254;1.0
492.7109375;8.84273293088661;1.0
493.00390625;7.75544200210743;1.0
493.296875;6.736341036802335;1.0
493.58984375;5.829401471053055;1.0
493.8828125;4.957655212816876;1.0
494.17578125;5.012266586634552;1.0
494.46875;5.169284272403578;1.0
494.76171875;5.050946159620226;1.0
495.0546875;4.920887169709169;1.0
495.34765625;5.049384328147809;1.0
495.640625;4.735157441319612;1.0
495.93359375;4.869482624044936;1.0
496.2265625;4.71844505928947;1.0
496.51953125;4.936341454937938;1.0
496.8125;5.317302788387951;1.0
497.10546875;4.793916574709471;1.0
497.3984375;4.869149679089227;1.0
497.69140625;5.009670331098618;1.0
497.984375;5.095207998077878;1.0
498.27734375;5.072810654505969;1.0
498.5703125;4.498081479513436;1.0
498.86328125;4.7823087509857825;1.0
499.15625;5.1939621452882605;1.0
499.44921875;5.020254845374186;1.0
499.7421875;5.360159921647447;1.0
500.03515625;4.694191430682522;1.0
500.328125;5.0302030325000215;1.0
500.62109375;4.997293888879285;1.0
500.9140625;4.682874727014773;1.0
501.20703125;4.874067717242406;1.0
501.5;5.052221489307234;1.0
501.79296875;4.78676854730084;1.0
502.0859375;4.796746549369994;1.0
502.37890625;4.584343742574842;1.0
502.671875;5.15483420431897;1.0
502.96484375;4.752904089520317;1.0
503.2578125;4.626761598452596;1.0
503.55078125;4.875415737586787;1.0
503.84375;4.732438236846832;1.0
504.13671875;4.655540092868419;1.0
504.4296875;4.593709229333386;1.0
504.72265625;4.838059743062147;1.0
505.015625;4.772255561550729;1.0
505.30859375;5.140459470764999;1.0
505.6015625;4.7886324435423555;1.0
505.89453125;4.8535357197923545;1.0
506.1875;5.009767569641457;1.0
506.48046875;5.019268437665477;1.0
506.7734375;4.737403169821885;1.0
507.06640625;4.673651037578464;1.0
507.359375;4.76864895652619;1.0
507.65234375;5.131941954781051;1.0
507.9453125;4.995568993076916;1.0
508.23828125;5.32178989447188;1.0
508.53125;4.967593834310797;1.0
508.82421875;4.905069543085537;1.0
509.1171875;4.805112939240499;1.0
509.41015625;4.8776132648906625;1.0
509.703125;5.0117559678128725;1.0
509.99609375;5.110093093036607;1.0
510.2890625;4.611286626895561;1.0
510.58203125;5.206446470019677;1.0
510.875;5.275256261481909;1.0
511.16796875;4.982272110048025;1.0
511.4609375;5.242441755247362;1.0
511.75390625;4.773041539827892;1.0
512.046875;4.9115187038499295;1.0
512.33984375;4.700099381695846;1.0
512.6328125;4.693743226166892;1.0
512.92578125;4.5654011942277535;1.0
513.21875;4.9554559823070505;1.0
513.51171875;4.972180439919714;1.0
513.8046875;4.770596103217474;1.0
514.09765625;5.0946273001818225;1.0
514.390625;4.856841610916543;1.0
514.68359375;5.0491664820793405;1.0
514.9765625;5.020743580398095;1.0
515.26953125;4.846696792345882;1.0
515.5625;5.28213222228759;1.0
515.85546875;4.4985332617747105;1.0
516.1484375;4.882104122932294;1.0
516.44140625;5.240863904547743;1.0
516.734375;5.311067948418398;1.0
517.02734375;4.913478979517775;1.0
517.3203125;5.057464875179174;1.0
517.61328125;4.931352155918297;1.0
517.90625;4.855986336156422;1.0
518.19921875;4.927481576437957;1.0
518.4921875;4.834150165863243;1.0
518.78515625;4.79513563934341;1.0
519.078125;5.189292490216933;1.0
519.37109375;4.883180242454956;1.0
519.6640625;5.008215144062741;1.0
519.95703125;4.8870975998874435;1.0
520.25;4.71460329840465;1.0
520.54296875;4.66434954668445;1.0
520.8359375;4.936358469927556;1.0
521.12890625;5.311205941114574;1.0
521.421875;4.81383512853822;1.0
521.71484375;4.793699818796216;1.0
522.0078125;4.870958213325984;1.0
522.30078125;4.874776919268044;1.0
522.59375;5.158828104674963;1.0
522.88671875;4.930451495136481;1.0
523.1796875;4.90328111351675;1.0
523.47265625;5.237922084590318;1.0
523.765625;5.06898118371787;1.0
524.05859375;4.730649333591583;1.0
524.3515625;5.381192630270831;1.0
524.64453125;4.693841190870293;1.0
524.9375;4.667332379794555;1.0
525.23046875;5.089456906913104;1.0
525.5234375;4.852256202820538;1.0
525.81640625;4.765714577011982;1.0
526.109375;5.032664667158796;1.0
526.40234375;4.826772947469584;1.0
526.6953125;4.770796136873304;1.0
526.98828125;5.009643277431038;1.0
527.28125;5.0606362853988305;1.0
527.57421875;4.866669923138763;1.0
527.8671875;4.793082562734443;1.0
528.16015625;4.884468726177301;1.0
528.453125;5.068975970244899;1.0
528.74609375;5.160114957201315;1.0
529.0390625;5.013774263841286;1.0
529.33203125;4.841943196173729;1.0
529.625;4.693315356385808;1.0
529.91796875;5.135444626919607;1.0
530.2109375;5.0521308670156175;1.0
530.50390625;4.573577773215367;1.0
530.796875;4.690174655594833;1.0
531.08984375;4.9414477439424;1.0
531.3828125;5.129948902474613;1.0
531.67578125;4.4913229743508065;1.0
531.96875;4.977318356775965;1.0
532.26171875;5.3341843042616635;1.0
532.5546875;4.823074240449718;1.0
532.84765625;5.031016855917765;1.0
533.140625;4.838902732974157;1.0
533.43359375;4.906753163159775;1.0
533.7265625;4.604360282082834;1.0
534.01953125;4.748839320729513;1.0
534.3125;4.687867483086896;1.0
534.60546875;4.960825364576759;1.0
534.8984375;4.935179928163585;1.0
535.19140625;4.824422459573781;1.0
535.484375;4.947003874911785;1.0
535.77734375;5.149548130044409;1.0
536.0703125;4.760348078733483;1.0
536.36328125;4.778771713545277;1.0
536.65625;4.796757364508123;1.0
536.94921875;4.82937656526208;1.0
537.2421875;4.825753406160003;1.0
537.53515625;4.930737370042913;1.0
537.828125;4.866660168419228;1.0
538.12109375;4.867051899029108;1.0
538.4140625;4.968519684243592;1.0
538.70703125;4.756494062525115;1.0
539.0;5.018611241408271;1.0
539.29296875;5.369732803627471;1.0
539.5859375;4.810518952036684;1.0
539.87890625;4.821603113537224;1.0
540.171875;5.496515633500385;1.0
540.46484375;4.9406378044390395;1.0
540.7578125;5.04136012026801;1.0
541.05078125;5.0952579152177995;1.0
541.34375;4.66973423803514;1.0
541.63671875;4.862270351192861;1.0
541.9296875;5.333251071257953;1.0
542.22265625;4.692597928078655;1.0
542.515625;4.846527075569839;1.0
542.80859375;4.968533436149771;1.0
543.1015625;4.310794113383478;1.0
543.39453125;5.235808527361572;1.0
543.6875;4.723070606256285;1.0
543.98046875;4.872253906047529;1.0
544.2734375;4.896248354056036;1.0
544.56640625;5.006599962060616;1.0
544.859375;5.171816660097083;1.0
545.15234375;4.822701444636211;1.0
545.4453125;5.019175552485985;1.0
545.73828125;4.919347447026915;1.0
546.03125;4.875460747796085;1.0
546.32421875;5.25490317408462;1.0
546.6171875;4.754203398261199;1.0
546.91015625;5.122526165597848;1.0
547.203125;5.144809746787556;1.0
547.49609375;4.7342766183124505;1.0
547.7890625;4.851673368665171;1.0
548.08203125;4.587782674267075;1.0
548.375;5.174811852181451;1.0
548.66796875;4.707399765192701;1.0
548.9609375;5.189039255254694;1.0
549.25390625;4.912279166810625;1.0
549.546875;5.043523019091472;1.0
549.83984375;4.881578945113556;1.0
550.1328125;4.878673667691653;1.0
550.42578125;4.691547450779281;1.0
550.71875;4.836606877336847;1.0
551.01171875;5.221007902500544;1.0
551.3046875;4.868800364148168;1.0
551.59765625;4.80754827879613;1.0
551.890625;4.706274829072833;1.0
552.18359375;4.779498747472784;1.0
552.4765625;5.609058982403498;1.0
552.76953125;4.862487143247582;1.0
553.0625;5.012584719233952;1.0
553.35546875;4.980102782955299;1.0
553.6484375;4.610906281733116;1.0
553.94140625;4.816422357976114;1.0
554.234375;5.211681759439953;1.0
554.52734375;5.210711706597818;1.0
554.8203125;5.15836554963649;1.0
555.11328125;4.754689350964837;1.0
555.40625;5.053279779374554;1.0
555.69921875;4.917846156463526;1.0
555.9921875;4.740711811951455;1.0
556.28515625;4.7225379508175935;1.0
556.578125;4.894997161024671;1.0
556.87109375;4.690711201449147;1.0
557.1640625;5.07607219169908;1.0
557.45703125;4.67901995601008;1.0
557.75;4.961578562208977;1.0
558.04296875;4.8137335042317035;1.0
558.3359375;5.341811719270862;1.0
558.62890625;4.739891140756836;1.0
558.921875;5.075167041479324;1.0
559.21484375;4.643087291107494;1.0
559.5078125;4.951516232353282;1.0
559.80078125;4.938572951779251;1.0
560.09375;5.103550337518351;1.0
560.38671875;4.854407860305199;1.0
560.6796875;5.158651940401241;1.0
560.97265625;4.759481625337548;1.0
561.265625;4.792396174854552;1.0
561.55859375;5.170888675681058;1.0
561.8515625;4.837336525598346;1.0
562.14453125;4.763112592906765;1.0
562.4375;4.7426221205787815;1.0
562.73046875;4.6643598996932845;1.0
563.0234375;4.836927938118497;1.0
563.31640625;4.923652524923958;1.0
563.609375;4.727960631306127;1.0
563.90234375;5.121021433692813;1.0
564.1953125;4.968498758690935;1.0
564.48828125;4.849571856571978;1.0
564.78125;4.68626589851788;1.0
565.07421875;4.796493571421681;1.0
565.3671875;4.791838060252374;1.0
565.66015625;4.936266364737518;1.0
565.953125;5.324827558082428;1.0
566.24609375;4.984374280787225;1.0
566.5390625;4.846353350871933;1.0
566.83203125;4.841254493889291;1.0
567.125;5.003519186577665;1.0
567.41796875;5.045831269198172;1.0
567.7109375;4.530727717710872;1.0
568.00390625;4.899481591419553;1.0
568.296875;5.108879451229521;1.0
568.58984375;4.958941219968816;1.0
568.8828125;5.248716606988053;1.0
569.17578125;5.137240008458412;1.0
569.46875;5.357068721991264;1.0
569.76171875;4.824570446938529;1.0
570.0546875;4.76653968877387;1.0
570.34765625;4.8964244852918775;1.0
570.640625;5.041928096612241;1.0
570.93359375;4.804720369201452;1.0
571.2265625;4.7830614860309995;1.0
571.51953125;4.90869725120517;1.0
571.8125;5.124644975461534;1.0
572.10546875;4.61804126918943;1.0
572.3984375;4.9780152166268445;1.0
572.69140625;4.754888347743265;1.0
572.984375;4.858838047343736;1.0
573.27734375;5.054492712613151;1.0
573.5703125;4.713413004484333;1.0
573.86328125;4.85368845383026;1.0
574.15625;4.6315002179328095;1.0
574.44921875;4.8767135261424395;1.0
574.7421875;4.520922472761604;1.0
575.03515625;4.882135922734623;1.0
575.328125;5.12732962069381;1.0
575.62109375;4.912805180653547;1.0
575.9140625;4.867929334161225;1.0
576.20703125;4.8047750265739;1.0
